#E 1314626393
#D Thu Sep 01 19:29:52 2011
#C Si-calibration  User = devishvili
#O0 TwoTheta     Theta    Angle1  GonevoXSam  GonevoYSam    M-tilt   M-theta  FilterTrans
#O1 FilterAngle  HOPGslitpos  HOPGslitwdt  HOPGslithgdt  HOPGslitvoff  SAMslitpos  SAMslitwdt  SAMslithgdt
#O2 SAMslitVoff  GICslitvoff  GICslitwdt  GICslithdt  GICslithpos  Sl-hopg-L  Sl-hopg-R  Sl-hopg-B
#O3 Sl-hopg-T  Sl-sam-R  Sl-sam-L  Sl-sam-T  Sl-sam-B  Sl-gic-L  Sl-gic-R  Sl-gic-B
#O4 Sl-gic-T  FilterMask  BeamStop  GonioTransX  aslit_pos  aslit_width  GICTheta   GICTilt
#O5 GICTrans  TOFTrans  MagField  GuideField1  GuideField2   Slit1GF   Slit2GF  det_slit

#S 143  a2scan  tth 0.2 8.2  th 0.1 4.1  320 23
#D Thu Sep 01 19:29:52 2011
#T 23  (Seconds)
#G0 0
#G1 1.54 1.54 90 4.079990459 4.079990459 90 1 0 60 30 0
#G3 4.079990459 2.49819112e-16 0 4.079990459
#G4 0.002296849171 -1.202627415e-07 0 4.4
#Q 0.00229685 -1.20263e-07
#P0 0.376 0.185 0.73 0 0 -1.9 -40.669 82.9915
#P1 17.605 12 2.5 100 7 1.138 2 50
#P2 -6 0 20 80 2.5 13.25 -10.75 57
#P3 43 -0.138 2.138 19 31 12.5 7.5 40
#P4 40 76 10 26.5 -48.3 -1.2 14.36 0.2
#P5 -10 0 0.002 0 0 6017 4000 0.7
#C TEST-XXX     Thermalized si-oxide on silicon
#C PSDROI: ( 452 , 584 ) -> ( 1076 , 634 )
#N 21
#L TwoTheta  Theta  H  K  Epoch  Seconds  Detector  PSD(ALL)  I++  I--  I+-  I-+  M1  M2  M3  M4  Alpha  Gamma  Temp  Monitor  PSD(ROI)
0.2 0.096 0.00122173 -8.52928e-08 271829 20 0 67640 0 0 0 0 0 0 0 0 0 0 -1 173014 59435
0.225 0.108 0.00137445 -1.07949e-07 271860 20.5 0 79248 0 0 0 0 0 0 0 0 0 0 -1 177586 70644
0.25 0.122 0.00152716 -7.9962e-08 271891 21 0 93145 0 0 0 0 0 0 0 0 0 0 -1 181928 83802
0.275 0.135 0.00167988 -7.32985e-08 271923 21.5 0 106384 0 0 0 0 0 0 0 0 0 0 -1 186132 96501
0.3 0.147 0.00183259 -9.59544e-08 271956 22 0 117656 0 0 0 0 0 0 0 0 0 0 -1 190625 107609
0.325 0.159 0.00198531 -1.21276e-07 271989 22.5 0 130637 0 0 0 0 0 0 0 0 0 0 -1 195620 120564
0.35 0.172 0.00213803 -1.11947e-07 272022 23 0 144969 0 0 0 0 0 0 0 0 0 0 -1 199336 134842
0.375 0.185 0.00229074 -9.99524e-08 272056 23.5 0 159786 0 0 0 0 0 0 0 0 0 0 -1 203720 150049
0.4 0.197 0.00244346 -1.27939e-07 272091 24 0 171063 0 0 0 0 0 0 0 0 0 0 -1 207410 161424
0.425 0.209 0.00259617 -1.58591e-07 272126 24.5 0 183299 0 0 0 0 0 0 0 0 0 0 -1 213550 173654
0.45 0.222 0.00274889 -1.43931e-07 272161 25 0 199722 0 0 0 0 0 0 0 0 0 0 -1 216497 190025
0.475 0.234 0.0029016 -1.77249e-07 272197 25.5 0 209195 0 0 0 0 0 0 0 0 0 0 -1 221536 199290
0.5 0.247 0.00305432 -1.59924e-07 272234 26 0 224051 0 0 0 0 0 0 0 0 0 0 -1 225628 213994
0.525 0.26 0.00320703 -1.39933e-07 272271 26.5 0 239858 0 0 0 0 0 0 0 0 0 0 -1 229749 229229
0.55 0.272 0.00335975 -1.75916e-07 272308 27 0 240122 0 0 0 0 0 0 0 0 0 0 -1 233953 229360
0.575 0.285 0.00351246 -1.5326e-07 272346 27.5 0 223193 0 0 0 0 0 0 0 0 0 0 -1 238161 212686
0.6 0.297 0.00366517 -1.91908e-07 272385 28 0 179198 0 0 0 0 0 0 0 0 0 0 -1 242991 169645
0.625 0.309 0.00381789 -2.33222e-07 272424 28.5 0 118718 0 0 0 0 0 0 0 0 0 0 -1 248968 111155
0.65 0.322 0.0039706 -2.079e-07 272463 29 0 74970 0 0 0 0 0 0 0 0 0 0 -1 250831 69795
0.675 0.335 0.00412332 -1.79914e-07 272503 29.5 0 61561 0 0 0 0 0 0 0 0 0 0 -1 255222 57267
0.7 0.347 0.00427603 -2.23892e-07 272544 30 0 48555 0 0 0 0 0 0 0 0 0 0 -1 260205 44388
0.725 0.359 0.00442874 -2.70537e-07 272585 30.5 0 29701 0 0 0 0 0 0 0 0 0 0 -1 264580 26282
0.75 0.372 0.00458146 -2.39885e-07 272626 31 0 23318 0 0 0 0 0 0 0 0 0 0 -1 269051 20496
0.775 0.385 0.00473417 -2.06567e-07 272668 31.5 0 26844 0 0 0 0 0 0 0 0 0 0 -1 272910 24033
0.8 0.397 0.00488688 -2.55877e-07 272711 32 0 28140 0 0 0 0 0 0 0 0 0 0 -1 277404 25279
0.825 0.409 0.00503959 -3.07851e-07 272754 32.5 0 22535 0 0 0 0 0 0 0 0 0 0 -1 282576 19779
0.85 0.422 0.00519231 -2.71869e-07 272797 33 0 14719 0 0 0 0 0 0 0 0 0 0 -1 286645 12358
0.875 0.435 0.00534502 -2.3322e-07 272841 33.5 0 10468 0 0 0 0 0 0 0 0 0 0 -1 290076 8349
0.9 0.447 0.00549773 -2.87861e-07 272886 34 0 10916 0 0 0 0 0 0 0 0 0 0 -1 295327 8900
0.925 0.459 0.00565044 -3.45166e-07 272931 34.5 0 13825 0 0 0 0 0 0 0 0 0 0 -1 299278 11754
0.95 0.472 0.00580315 -3.03852e-07 272976 35 0 14942 0 0 0 0 0 0 0 0 0 0 -1 304565 12896
0.975 0.485 0.00595586 -2.59874e-07 273022 35.5 0 12723 0 0 0 0 0 0 0 0 0 0 -1 308410 10819
1 0.497 0.00610857 -3.19844e-07 273069 36 0 9395 0 0 0 0 0 0 0 0 0 0 -1 313143 7540
1.025 0.509 0.00626129 -3.8248e-07 273116 36.5 0 6237 0 0 0 0 0 0 0 0 0 0 -1 317311 4644
1.05 0.523 0.006414 -2.23891e-07 273163 37 0 5720 0 0 0 0 0 0 0 0 0 0 -1 321375 4257
1.075 0.535 0.0065667 -2.86527e-07 273211 37.5 0 6952 0 0 0 0 0 0 0 0 0 0 -1 326259 5450
1.1 0.547 0.00671941 -3.51828e-07 273260 38 0 8376 0 0 0 0 0 0 0 0 0 0 -1 329896 6849
1.125 0.56 0.00687212 -2.99853e-07 273309 38.5 0 8475 0 0 0 0 0 0 0 0 0 0 -1 334335 7055
1.15 0.573 0.00702483 -2.45213e-07 273358 39 0 7416 0 0 0 0 0 0 0 0 0 0 -1 338495 6041
1.175 0.586 0.00717754 -1.87908e-07 273408 39.5 0 5427 0 0 0 0 0 0 0 0 0 0 -1 342337 4251
1.2 0.598 0.00733025 -2.55874e-07 273459 40 0 3904 0 0 0 0 0 0 0 0 0 0 -1 347092 2769
1.225 0.61 0.00748296 -3.26506e-07 273510 40.5 0 3403 0 0 0 0 0 0 0 0 0 0 -1 351692 2436
1.25 0.623 0.00763566 -2.66535e-07 273561 41 0 4100 0 0 0 0 0 0 0 0 0 0 -1 355596 3161
1.275 0.636 0.00778837 -2.03899e-07 273613 41.5 0 5010 0 0 0 0 0 0 0 0 0 0 -1 360780 4122
1.3 0.648 0.00794108 -2.77196e-07 273665 42 0 5383 0 0 0 0 0 0 0 0 0 0 -1 365341 4483
1.325 0.66 0.00809378 -3.53158e-07 273718 42.5 0 4837 0 0 0 0 0 0 0 0 0 0 -1 369748 4042
1.35 0.673 0.00824649 -2.87857e-07 273772 43 0 3824 0 0 0 0 0 0 0 0 0 0 -1 373526 3169
1.375 0.685 0.0083992 -3.66484e-07 273826 43.5 0 2584 0 0 0 0 0 0 0 0 0 0 -1 378044 1997
1.4 0.697 0.0085519 -4.47776e-07 273880 44 0 2056 0 0 0 0 0 0 0 0 0 0 -1 383198 1554
1.425 0.709 0.00870461 -5.31734e-07 273935 44.5 0 2234 0 0 0 0 0 0 0 0 0 0 -1 385928 1756
1.45 0.722 0.00885731 -4.63768e-07 273991 45 0 2776 0 0 0 0 0 0 0 0 0 0 -1 390666 2359
1.475 0.735 0.00901001 -3.93136e-07 274047 45.5 0 3459 0 0 0 0 0 0 0 0 0 0 -1 394749 3017
1.5 0.747 0.00916272 -4.79759e-07 274103 46 0 3446 0 0 0 0 0 0 0 0 0 0 -1 398980 3087
1.525 0.759 0.00931542 -5.69047e-07 274160 46.5 0 2929 0 0 0 0 0 0 0 0 0 0 -1 404130 2597
1.55 0.772 0.00946812 -4.9575e-07 274218 47 0 2070 0 0 0 0 0 0 0 0 0 0 -1 407448 1768
1.575 0.784 0.00962082 -5.87703e-07 274276 47.5 0 1458 0 0 0 0 0 0 0 0 0 0 -1 411257 1203
1.6 0.797 0.00977353 -5.11741e-07 274334 48 0 1364 0 0 0 0 0 0 0 0 0 0 -1 416011 1122
1.625 0.809 0.00992623 -6.06359e-07 274393 48.5 0 1555 0 0 0 0 0 0 0 0 0 0 -1 421768 1313
1.65 0.822 0.0100789 -5.27731e-07 274453 49 0 2102 0 0 0 0 0 0 0 0 0 0 -1 425655 1855
1.675 0.835 0.0102316 -4.46439e-07 274513 49.5 0 2445 0 0 0 0 0 0 0 0 0 0 -1 429695 2165
1.7 0.847 0.0103843 -5.43722e-07 274573 50 0 2345 0 0 0 0 0 0 0 0 0 0 -1 433379 2070
1.725 0.859 0.010537 -6.4367e-07 274634 50.5 0 2042 0 0 0 0 0 0 0 0 0 0 -1 439083 1773
1.75 0.872 0.0106897 -5.59713e-07 274696 51 0 1456 0 0 0 0 0 0 0 0 0 0 -1 443441 1201
1.775 0.885 0.0108424 -4.7309e-07 274758 51.5 0 1039 0 0 0 0 0 0 0 0 0 0 -1 446220 816
1.8 0.897 0.0109951 -5.75703e-07 274820 52 0 1104 0 0 0 0 0 0 0 0 0 0 -1 450718 874
1.825 0.909 0.0111478 -6.80982e-07 274883 52.5 0 1319 0 0 0 0 0 0 0 0 0 0 -1 455194 1101
1.85 0.922 0.0113005 -5.91694e-07 274947 53 0 1675 0 0 0 0 0 0 0 0 0 0 -1 460743 1417
1.875 0.935 0.0114532 -4.99741e-07 275011 53.5 0 1855 0 0 0 0 0 0 0 0 0 0 -1 464645 1588
1.9 0.947 0.0116059 -6.07684e-07 275075 54 0 1826 0 0 0 0 0 0 0 0 0 0 -1 469276 1553
1.925 0.959 0.0117586 -7.18292e-07 275140 54.5 0 1383 0 0 0 0 0 0 0 0 0 0 -1 472706 1162
1.95 0.972 0.0119113 -6.23674e-07 275206 55 0 1074 0 0 0 0 0 0 0 0 0 0 -1 477666 860
1.975 0.985 0.012064 -5.26391e-07 275271 55.5 0 852 0 0 0 0 0 0 0 0 0 0 -1 481255 623
2 0.997 0.0122167 -6.39664e-07 275338 56 0 894 0 0 0 0 0 0 0 0 0 0 -1 485800 669
2.025 1.009 0.0123694 -7.55602e-07 275405 56.5 0 1082 0 0 0 0 0 0 0 0 0 0 -1 489926 895
2.05 1.022 0.0125221 -6.55654e-07 275472 57 0 1424 0 0 0 0 0 0 0 0 0 0 -1 494562 1202
2.075 1.034 0.0126748 -7.74257e-07 275540 57.5 0 1456 0 0 0 0 0 0 0 0 0 0 -1 498857 1212
2.1 1.047 0.0128275 -6.71644e-07 275609 58 0 1466 0 0 0 0 0 0 0 0 0 0 -1 503481 1188
2.125 1.059 0.0129801 -7.92912e-07 275678 58.5 0 1152 0 0 0 0 0 0 0 0 0 0 -1 507840 888
2.15 1.072 0.0131328 -6.87633e-07 275747 59 0 810 0 0 0 0 0 0 0 0 0 0 -1 512004 600
2.175 1.085 0.0132855 -5.7969e-07 275817 59.5 0 741 0 0 0 0 0 0 0 0 0 0 -1 516304 514
2.2 1.096 0.0134382 -9.38164e-07 275888 60 0 791 0 0 0 0 0 0 0 0 0 0 -1 519599 544
2.225 1.109 0.0135909 -8.30221e-07 275959 60.5 0 944 0 0 0 0 0 0 0 0 0 0 -1 525157 722
2.25 1.122 0.0137436 -7.19612e-07 276030 61 0 1203 0 0 0 0 0 0 0 0 0 0 -1 528309 921
2.275 1.135 0.0138963 -6.06339e-07 276102 61.5 0 1273 0 0 0 0 0 0 0 0 0 0 -1 534009 1028
2.3 1.147 0.014049 -7.35602e-07 276175 62 0 1141 0 0 0 0 0 0 0 0 0 0 -1 537146 922
2.325 1.159 0.0142016 -8.67529e-07 276248 62.5 0 927 0 0 0 0 0 0 0 0 0 0 -1 542603 693
2.35 1.172 0.0143543 -7.51591e-07 276321 63 0 727 0 0 0 0 0 0 0 0 0 0 -1 545927 496
2.375 1.185 0.014507 -6.32988e-07 276395 63.5 0 613 0 0 0 0 0 0 0 0 0 0 -1 550374 385
2.4 1.197 0.0146597 -7.6758e-07 276470 64 0 632 0 0 0 0 0 0 0 0 0 0 -1 555703 434
2.425 1.209 0.0148124 -9.04837e-07 276545 64.5 0 820 0 0 0 0 0 0 0 0 0 0 -1 559988 566
2.45 1.222 0.0149651 -7.83569e-07 276620 65 0 920 0 0 0 0 0 0 0 0 0 0 -1 564507 719
2.475 1.235 0.0151177 -6.59636e-07 276696 65.5 0 990 0 0 0 0 0 0 0 0 0 0 -1 567036 766
2.5 1.247 0.0152704 -7.99557e-07 276773 66 0 960 0 0 0 0 0 0 0 0 0 0 -1 572829 715
2.525 1.259 0.0154231 -9.42144e-07 276850 66.5 0 798 0 0 0 0 0 0 0 0 0 0 -1 577426 585
2.55 1.272 0.0155758 -8.15546e-07 276927 67 0 598 0 0 0 0 0 0 0 0 0 0 -1 582161 380
2.575 1.285 0.0157285 -6.86283e-07 277005 67.5 0 517 0 0 0 0 0 0 0 0 0 0 -1 585432 307
2.6 1.297 0.0158811 -8.31534e-07 277084 68 0 564 0 0 0 0 0 0 0 0 0 0 -1 590533 335
2.625 1.309 0.0160338 -9.7945e-07 277163 68.5 0 669 0 0 0 0 0 0 0 0 0 0 -1 593392 460
2.65 1.322 0.0161865 -8.47522e-07 277242 69 0 805 0 0 0 0 0 0 0 0 0 0 -1 597747 586
2.675 1.335 0.0163392 -7.1293e-07 277322 69.5 0 935 0 0 0 0 0 0 0 0 0 0 -1 601416 687
2.7 1.347 0.0164918 -8.6351e-07 277403 70 0 801 0 0 0 0 0 0 0 0 0 0 -1 606650 547
2.725 1.359 0.0166445 -1.01676e-06 277484 70.5 0 648 0 0 0 0 0 0 0 0 0 0 -1 610909 444
2.75 1.372 0.0167972 -8.79498e-07 277565 71 0 518 0 0 0 0 0 0 0 0 0 0 -1 615468 306
2.775 1.385 0.0169499 -7.39577e-07 277647 71.5 0 499 0 0 0 0 0 0 0 0 0 0 -1 618846 258
2.8 1.397 0.0171025 -8.95486e-07 277730 72 0 502 0 0 0 0 0 0 0 0 0 0 -1 624407 272
2.825 1.409 0.0172552 -1.05406e-06 277812 72.5 0 601 0 0 0 0 0 0 0 0 0 0 -1 629398 348
2.85 1.422 0.0174079 -9.11474e-07 277896 73 0 710 0 0 0 0 0 0 0 0 0 0 -1 631555 481
2.875 1.435 0.0175605 -7.66223e-07 277980 73.5 0 785 0 0 0 0 0 0 0 0 0 0 -1 637555 547
2.9 1.447 0.0177132 -9.27461e-07 278065 74 0 740 0 0 0 0 0 0 0 0 0 0 -1 641864 505
2.925 1.46 0.0178659 -7.79546e-07 278150 74.5 0 617 0 0 0 0 0 0 0 0 0 0 -1 646923 388
2.95 1.472 0.0180185 -9.43448e-07 278235 75 0 505 0 0 0 0 0 0 0 0 0 0 -1 650727 273
2.975 1.486 0.0181712 -4.75721e-07 278321 75.5 0 458 0 0 0 0 0 0 0 0 0 0 -1 652881 230
3 1.497 0.0183239 -9.59435e-07 278408 76 0 434 0 0 0 0 0 0 0 0 0 0 -1 658674 227
3.025 1.51 0.0184765 -8.06191e-07 278495 76.5 0 545 0 0 0 0 0 0 0 0 0 0 -1 663988 337
3.05 1.523 0.0186292 -6.50281e-07 278582 77 0 574 0 0 0 0 0 0 0 0 0 0 -1 666784 379
3.075 1.535 0.0187819 -8.19513e-07 278670 77.5 0 581 0 0 0 0 0 0 0 0 0 0 -1 672286 364
3.1 1.548 0.0189345 -6.60939e-07 278759 78 0 596 0 0 0 0 0 0 0 0 0 0 -1 673999 401
3.125 1.56 0.0190872 -8.32835e-07 278848 78.5 0 582 0 0 0 0 0 0 0 0 0 0 -1 680210 350
3.15 1.573 0.0192398 -6.71597e-07 278937 79 0 465 0 0 0 0 0 0 0 0 0 0 -1 683643 222
3.175 1.586 0.0193925 -5.07694e-07 279027 79.5 0 388 0 0 0 0 0 0 0 0 0 0 -1 689680 166
3.2 1.598 0.0195451 -6.82254e-07 279117 80 0 406 0 0 0 0 0 0 0 0 0 0 -1 692794 169
3.225 1.61 0.0196978 -8.59479e-07 279208 80.5 0 438 0 0 0 0 0 0 0 0 0 0 -1 697601 228
3.25 1.623 0.0198505 -6.92912e-07 279300 81 0 557 0 0 0 0 0 0 0 0 0 0 -1 702491 326
3.275 1.636 0.0200031 -5.2368e-07 279392 81.5 0 552 0 0 0 0 0 0 0 0 0 0 -1 705845 321
3.3 1.648 0.0201558 -7.03569e-07 279484 82 0 595 0 0 0 0 0 0 0 0 0 0 -1 709706 343
3.325 1.66 0.0203084 -8.86122e-07 279578 82.5 0 533 0 0 0 0 0 0 0 0 0 0 -1 713426 280
3.35 1.673 0.0204611 -7.14226e-07 279671 83 0 417 0 0 0 0 0 0 0 0 0 0 -1 719422 184
3.375 1.686 0.0206137 -5.39666e-07 279765 83.5 0 373 0 0 0 0 0 0 0 0 0 0 -1 723363 143
3.4 1.698 0.0207664 -7.24883e-07 279859 84 0 377 0 0 0 0 0 0 0 0 0 0 -1 726952 153
3.425 1.71 0.020919 -9.12764e-07 279954 84.5 0 426 0 0 0 0 0 0 0 0 0 0 -1 733118 182
3.45 1.723 0.0210717 -7.3554e-07 280050 85 0 456 0 0 0 0 0 0 0 0 0 0 -1 736552 227
3.475 1.736 0.0212243 -5.55651e-07 280146 85.5 0 512 0 0 0 0 0 0 0 0 0 0 -1 741047 290
3.5 1.747 0.021377 -1.11929e-06 280243 86 0 494 0 0 0 0 0 0 0 0 0 0 -1 745186 277
3.525 1.759 0.0215296 -1.31517e-06 280340 86.5 0 507 0 0 0 0 0 0 0 0 0 0 -1 749280 255
3.55 1.772 0.0216822 -1.13528e-06 280437 87 0 393 0 0 0 0 0 0 0 0 0 0 -1 751978 142
3.575 1.784 0.0218349 -1.33382e-06 280535 87.5 0 361 0 0 0 0 0 0 0 0 0 0 -1 757538 116
3.6 1.797 0.0219875 -1.15126e-06 280633 88 0 344 0 0 0 0 0 0 0 0 0 0 -1 762067 108
3.625 1.809 0.0221402 -1.35247e-06 280732 88.5 0 345 0 0 0 0 0 0 0 0 0 0 -1 766836 116
3.65 1.822 0.0222928 -1.16725e-06 280832 89 0 448 0 0 0 0 0 0 0 0 0 0 -1 772097 189
3.675 1.835 0.0224454 -9.79367e-07 280932 89.5 0 503 0 0 0 0 0 0 0 0 0 0 -1 775375 253
3.7 1.847 0.0225981 -1.18323e-06 281032 90 0 518 0 0 0 0 0 0 0 0 0 0 -1 778910 275
3.725 1.859 0.0227507 -1.38976e-06 281133 90.5 0 458 0 0 0 0 0 0 0 0 0 0 -1 784382 207
3.75 1.872 0.0229034 -1.19922e-06 281235 91 0 394 0 0 0 0 0 0 0 0 0 0 -1 786558 148
3.775 1.885 0.023056 -1.00601e-06 281337 91.5 0 368 0 0 0 0 0 0 0 0 0 0 -1 792149 110
3.8 1.897 0.0232086 -1.2152e-06 281440 92 0 341 0 0 0 0 0 0 0 0 0 0 -1 797280 95
3.825 1.909 0.0233613 -1.42706e-06 281542 92.5 0 345 0 0 0 0 0 0 0 0 0 0 -1 800292 110
3.85 1.922 0.0235139 -1.23118e-06 281646 93 0 394 0 0 0 0 0 0 0 0 0 0 -1 805799 155
3.875 1.935 0.0236665 -1.03265e-06 281750 93.5 0 481 0 0 0 0 0 0 0 0 0 0 -1 809764 187
3.9 1.947 0.0238191 -1.24717e-06 281855 94 0 470 0 0 0 0 0 0 0 0 0 0 -1 813778 231
3.925 1.959 0.0239718 -1.46435e-06 281959 94.5 0 472 0 0 0 0 0 0 0 0 0 0 -1 817963 177
3.95 1.972 0.0241244 -1.26315e-06 282065 95 0 455 0 0 0 0 0 0 0 0 0 0 -1 823564 134
3.975 1.985 0.024277 -1.05928e-06 282171 95.5 0 438 0 0 0 0 0 0 0 0 0 0 -1 826206 105
4 1.997 0.0244296 -1.27913e-06 282277 96 0 480 0 0 0 0 0 0 0 0 0 0 -1 833624 62
4.025 2.009 0.0245823 -1.50165e-06 282384 96.5 0 539 0 0 0 0 0 0 0 0 0 0 -1 836374 109
4.05 2.022 0.0247349 -1.29512e-06 282492 97 0 519 0 0 0 0 0 0 0 0 0 0 -1 839656 147
4.075 2.034 0.0248875 -1.52029e-06 282600 97.5 0 533 0 0 0 0 0 0 0 0 0 0 -1 844587 139
4.1 2.047 0.0250401 -1.3111e-06 282708 98 0 572 0 0 0 0 0 0 0 0 0 0 -1 847620 185
4.125 2.059 0.0251927 -1.53894e-06 282817 98.5 0 561 0 0 0 0 0 0 0 0 0 0 -1 851290 171
4.15 2.072 0.0253454 -1.32708e-06 282927 99 0 515 0 0 0 0 0 0 0 0 0 0 -1 858043 113
4.175 2.085 0.025498 -1.11256e-06 283037 99.5 0 493 0 0 0 0 0 0 0 0 0 0 -1 863564 73
4.2 2.097 0.0256506 -1.34306e-06 283147 100 0 477 0 0 0 0 0 0 0 0 0 0 -1 867746 68
4.225 2.109 0.0258032 -1.57623e-06 283258 100.5 0 497 0 0 0 0 0 0 0 0 0 0 -1 869768 86
4.25 2.122 0.0259558 -1.35904e-06 283370 101 0 517 0 0 0 0 0 0 0 0 0 0 -1 874918 106
4.275 2.134 0.0261084 -1.59487e-06 283482 101.5 0 514 0 0 0 0 0 0 0 0 0 0 -1 876889 121
4.3 2.147 0.026261 -1.37502e-06 283594 102 0 566 0 0 0 0 0 0 0 0 0 0 -1 881140 158
4.325 2.159 0.0264136 -1.61352e-06 283707 102.5 0 544 0 0 0 0 0 0 0 0 0 0 -1 886344 128
4.35 2.172 0.0265663 -1.39101e-06 283821 103 0 508 0 0 0 0 0 0 0 0 0 0 -1 891797 119
4.375 2.185 0.0267189 -1.16583e-06 283935 103.5 0 467 0 0 0 0 0 0 0 0 0 0 -1 894925 74
4.4 2.197 0.0268715 -1.40699e-06 284049 104 0 436 0 0 0 0 0 0 0 0 0 0 -1 901685 39
4.425 2.209 0.0270241 -1.65081e-06 284164 104.5 0 449 0 0 0 0 0 0 0 0 0 0 -1 905087 55
4.45 2.222 0.0271767 -1.42297e-06 284280 105 0 492 0 0 0 0 0 0 0 0 0 0 -1 908704 91
4.475 2.235 0.0273293 -1.19246e-06 284396 105.5 0 538 0 0 0 0 0 0 0 0 0 0 -1 913323 109
4.5 2.247 0.0274819 -1.43895e-06 284512 106 0 523 0 0 0 0 0 0 0 0 0 0 -1 916821 134
4.525 2.259 0.0276345 -1.68809e-06 284629 106.5 0 513 0 0 0 0 0 0 0 0 0 0 -1 923513 115
4.55 2.272 0.0277871 -1.45493e-06 284747 107 0 508 0 0 0 0 0 0 0 0 0 0 -1 926104 89
4.575 2.284 0.0279397 -1.70674e-06 284865 107.5 0 470 0 0 0 0 0 0 0 0 0 0 -1 930974 75
4.6 2.297 0.0280923 -1.47091e-06 284983 108 0 413 0 0 0 0 0 0 0 0 0 0 -1 933355 59
4.625 2.309 0.0282448 -1.72538e-06 285102 108.5 0 447 0 0 0 0 0 0 0 0 0 0 -1 939579 62
4.65 2.322 0.0283974 -1.48689e-06 285222 109 0 452 0 0 0 0 0 0 0 0 0 0 -1 943902 79
4.675 2.335 0.02855 -1.24573e-06 285342 109.5 0 457 0 0 0 0 0 0 0 0 0 0 -1 947532 79
4.7 2.347 0.0287026 -1.50287e-06 285462 110 0 401 0 0 0 0 0 0 0 0 0 0 -1 950725 97
4.725 2.359 0.0288552 -1.76266e-06 285583 110.5 0 373 0 0 0 0 0 0 0 0 0 0 -1 955090 99
4.75 2.372 0.0290078 -1.51884e-06 285705 111 0 384 0 0 0 0 0 0 0 0 0 0 -1 960225 100
4.775 2.384 0.0291604 -1.78131e-06 285827 111.5 0 334 0 0 0 0 0 0 0 0 0 0 -1 966195 57
4.8 2.397 0.029313 -1.53482e-06 285949 112 0 327 0 0 0 0 0 0 0 0 0 0 -1 968277 48
4.825 2.409 0.0294655 -1.79995e-06 286072 112.5 0 329 0 0 0 0 0 0 0 0 0 0 -1 974907 45
4.85 2.423 0.0296181 -1.03387e-06 286196 113 0 366 0 0 0 0 0 0 0 0 0 0 -1 978471 60
4.875 2.435 0.0297707 -1.29899e-06 286320 113.5 0 346 0 0 0 0 0 0 0 0 0 0 -1 982821 84
4.9 2.447 0.0299233 -1.56678e-06 286444 114 0 362 0 0 0 0 0 0 0 0 0 0 -1 984432 93
4.925 2.46 0.0300759 -1.31231e-06 286569 114.5 0 376 0 0 0 0 0 0 0 0 0 0 -1 990640 108
4.95 2.473 0.0302284 -1.05517e-06 286695 115 0 353 0 0 0 0 0 0 0 0 0 0 -1 994716 66
4.975 2.486 0.030381 -7.95373e-07 286821 115.5 0 331 0 0 0 0 0 0 0 0 0 0 -1 999124 73
5 2.498 0.0305336 -1.06582e-06 286947 116 0 322 0 0 0 0 0 0 0 0 0 0 -1 1001047 48
5.025 2.51 0.0306861 -1.33894e-06 287074 116.5 0 336 0 0 0 0 0 0 0 0 0 0 -1 1007503 52
5.05 2.523 0.0308387 -1.07647e-06 287202 117 0 316 0 0 0 0 0 0 0 0 0 0 -1 1012514 46
5.075 2.536 0.0309913 -8.1135e-07 287330 117.5 0 306 0 0 0 0 0 0 0 0 0 0 -1 1016424 55
5.1 2.548 0.0311438 -1.08713e-06 287458 118 0 344 0 0 0 0 0 0 0 0 0 0 -1 1018874 72
5.125 2.56 0.0312964 -1.36556e-06 287587 118.5 0 356 0 0 0 0 0 0 0 0 0 0 -1 1024986 81
5.15 2.573 0.031449 -1.09778e-06 287717 119 0 353 0 0 0 0 0 0 0 0 0 0 -1 1029788 81
5.175 2.586 0.0316015 -8.27326e-07 287847 119.5 0 351 0 0 0 0 0 0 0 0 0 0 -1 1032723 59
5.2 2.598 0.0317541 -1.10843e-06 287977 120 0 301 0 0 0 0 0 0 0 0 0 0 -1 1037132 34
5.225 2.61 0.0319067 -1.39219e-06 288108 120.5 0 311 0 0 0 0 0 0 0 0 0 0 -1 1040598 35
5.25 2.623 0.0320592 -1.11908e-06 288240 121 0 322 0 0 0 0 0 0 0 0 0 0 -1 1046383 43
5.275 2.635 0.0322118 -1.4055e-06 288372 121.5 0 351 0 0 0 0 0 0 0 0 0 0 -1 1051692 59
5.3 2.648 0.0323643 -1.12973e-06 288504 122 0 351 0 0 0 0 0 0 0 0 0 0 -1 1054711 56
5.325 2.66 0.0325169 -1.41882e-06 288637 122.5 0 370 0 0 0 0 0 0 0 0 0 0 -1 1057590 69
5.35 2.673 0.0326694 -1.14038e-06 288771 123 0 360 0 0 0 0 0 0 0 0 0 0 -1 1064955 62
5.375 2.686 0.032822 -8.59277e-07 288905 123.5 0 363 0 0 0 0 0 0 0 0 0 0 -1 1067024 48
5.4 2.698 0.0329745 -1.15103e-06 289039 124 0 316 0 0 0 0 0 0 0 0 0 0 -1 1071617 40
5.425 2.71 0.0331271 -1.44544e-06 289174 124.5 0 348 0 0 0 0 0 0 0 0 0 0 -1 1075455 30
5.45 2.723 0.0332796 -1.16168e-06 289310 125 0 332 0 0 0 0 0 0 0 0 0 0 -1 1081347 37
5.475 2.736 0.0334321 -8.75252e-07 289446 125.5 0 362 0 0 0 0 0 0 0 0 0 0 -1 1086957 42
5.5 2.748 0.0335847 -1.17233e-06 289582 126 0 363 0 0 0 0 0 0 0 0 0 0 -1 1091136 59
5.525 2.76 0.0337372 -1.47206e-06 289719 126.5 0 373 0 0 0 0 0 0 0 0 0 0 -1 1094217 57
5.55 2.773 0.0338898 -1.18298e-06 289857 127 0 352 0 0 0 0 0 0 0 0 0 0 -1 1100126 55
5.575 2.785 0.0340423 -1.48538e-06 289994 127.5 0 393 0 0 0 0 0 0 0 0 0 0 -1 1104065 63
5.6 2.797 0.0341948 -1.79044e-06 290133 128 0 366 0 0 0 0 0 0 0 0 0 0 -1 1106077 39
5.625 2.809 0.0343474 -2.09816e-06 290272 128.5 0 352 0 0 0 0 0 0 0 0 0 0 -1 1110950 33
5.65 2.822 0.0344999 -1.80641e-06 290412 129 0 362 0 0 0 0 0 0 0 0 0 0 -1 1115450 40
5.675 2.835 0.0346524 -1.512e-06 290552 129.5 0 339 0 0 0 0 0 0 0 0 0 0 -1 1119511 28
5.7 2.847 0.034805 -1.82238e-06 290692 130 0 356 0 0 0 0 0 0 0 0 0 0 -1 1124158 32
5.725 2.859 0.0349575 -2.13543e-06 290833 130.5 0 375 0 0 0 0 0 0 0 0 0 0 -1 1126144 65
5.75 2.872 0.03511 -1.83836e-06 290975 131 0 347 0 0 0 0 0 0 0 0 0 0 -1 1132809 58
5.775 2.884 0.0352625 -2.15407e-06 291117 131.5 0 381 0 0 0 0 0 0 0 0 0 0 -1 1137199 53
5.8 2.897 0.0354151 -1.85433e-06 291259 132 0 372 0 0 0 0 0 0 0 0 0 0 -1 1140649 45
5.825 2.909 0.0355676 -2.1727e-06 291402 132.5 0 335 0 0 0 0 0 0 0 0 0 0 -1 1145581 29
5.85 2.922 0.0357201 -1.8703e-06 291546 133 0 338 0 0 0 0 0 0 0 0 0 0 -1 1150490 27
5.875 2.935 0.0358726 -1.56524e-06 291690 133.5 0 349 0 0 0 0 0 0 0 0 0 0 -1 1151692 30
5.9 2.947 0.0360251 -1.88627e-06 291834 134 0 354 0 0 0 0 0 0 0 0 0 0 -1 1157747 36
5.925 2.959 0.0361776 -2.20997e-06 291979 134.5 0 345 0 0 0 0 0 0 0 0 0 0 -1 1162603 43
5.95 2.972 0.0363302 -1.90224e-06 292125 135 0 376 0 0 0 0 0 0 0 0 0 0 -1 1169093 57
5.975 2.985 0.0364827 -1.59186e-06 292271 135.5 0 363 0 0 0 0 0 0 0 0 0 0 -1 1169778 40
6 2.997 0.0366352 -1.91821e-06 292417 136 0 380 0 0 0 0 0 0 0 0 0 0 -1 1172819 33
6.025 3.009 0.0367877 -2.24723e-06 292564 136.5 0 357 0 0 0 0 0 0 0 0 0 0 -1 1180927 33
6.05 3.022 0.0369402 -1.93418e-06 292712 137 0 381 0 0 0 0 0 0 0 0 0 0 -1 1183881 20
6.075 3.035 0.0370927 -1.61847e-06 292860 137.5 0 357 0 0 0 0 0 0 0 0 0 0 -1 1187895 19
6.1 3.047 0.0372452 -1.95015e-06 293008 138 0 337 0 0 0 0 0 0 0 0 0 0 -1 1191990 31
6.125 3.059 0.0373977 -2.28449e-06 293157 138.5 0 352 0 0 0 0 0 0 0 0 0 0 -1 1195832 35
6.15 3.072 0.0375502 -1.96612e-06 293307 139 0 347 0 0 0 0 0 0 0 0 0 0 -1 1202641 49
6.175 3.085 0.0377027 -1.64509e-06 293457 139.5 0 372 0 0 0 0 0 0 0 0 0 0 -1 1205526 50
6.2 3.097 0.0378552 -1.98209e-06 293607 140 0 353 0 0 0 0 0 0 0 0 0 0 -1 1208555 32
6.225 3.109 0.0380077 -2.32176e-06 293758 140.5 0 335 0 0 0 0 0 0 0 0 0 0 -1 1214278 19
6.25 3.122 0.0381602 -1.99806e-06 293910 141 0 329 0 0 0 0 0 0 0 0 0 0 -1 1218256 16
6.275 3.134 0.0383126 -2.34039e-06 294062 141.5 0 354 0 0 0 0 0 0 0 0 0 0 -1 1223587 22
6.3 3.147 0.0384651 -2.01403e-06 294214 142 0 349 0 0 0 0 0 0 0 0 0 0 -1 1228212 30
6.325 3.159 0.0386176 -2.35902e-06 294367 142.5 0 406 0 0 0 0 0 0 0 0 0 0 -1 1232666 32
6.35 3.172 0.0387701 -2.03e-06 294521 143 0 374 0 0 0 0 0 0 0 0 0 0 -1 1233315 38
6.375 3.185 0.0389226 -1.69832e-06 294675 143.5 0 363 0 0 0 0 0 0 0 0 0 0 -1 1240837 25
6.4 3.197 0.0390751 -2.04597e-06 294829 144 0 356 0 0 0 0 0 0 0 0 0 0 -1 1244820 29
6.425 3.209 0.0392275 -2.39627e-06 294984 144.5 0 357 0 0 0 0 0 0 0 0 0 0 -1 1249455 17
6.45 3.222 0.03938 -2.06193e-06 295139 145 0 341 0 0 0 0 0 0 0 0 0 0 -1 1250984 14
6.475 3.235 0.0395325 -1.72493e-06 295296 145.5 0 395 0 0 0 0 0 0 0 0 0 0 -1 1257511 20
6.5 3.247 0.039685 -2.0779e-06 295452 146 0 364 0 0 0 0 0 0 0 0 0 0 -1 1262502 20
6.525 3.259 0.0398374 -2.43353e-06 295609 146.5 0 374 0 0 0 0 0 0 0 0 0 0 -1 1264620 32
6.55 3.272 0.0399899 -2.09387e-06 295766 147 0 393 0 0 0 0 0 0 0 0 0 0 -1 1268958 40
6.575 3.285 0.0401424 -1.75154e-06 295924 147.5 0 368 0 0 0 0 0 0 0 0 0 0 -1 1272617 30
6.6 3.297 0.0402948 -2.10983e-06 296083 148 0 376 0 0 0 0 0 0 0 0 0 0 -1 1277601 39
6.625 3.309 0.0404473 -2.47078e-06 296242 148.5 0 352 0 0 0 0 0 0 0 0 0 0 -1 1280483 29
6.65 3.322 0.0405997 -2.1258e-06 296401 149 0 339 0 0 0 0 0 0 0 0 0 0 -1 1282877 18
6.675 3.335 0.0407522 -1.77815e-06 296561 149.5 0 341 0 0 0 0 0 0 0 0 0 0 -1 1289102 16
6.7 3.347 0.0409047 -2.14176e-06 296722 150 0 386 0 0 0 0 0 0 0 0 0 0 -1 1295826 23
6.725 3.359 0.0410571 -2.50804e-06 296883 150.5 0 362 0 0 0 0 0 0 0 0 0 0 -1 1298258 25
6.75 3.372 0.0412096 -2.15773e-06 297044 151 0 376 0 0 0 0 0 0 0 0 0 0 -1 1300464 20
6.775 3.384 0.041362 -2.52666e-06 297206 151.5 0 361 0 0 0 0 0 0 0 0 0 0 -1 1306450 29
6.8 3.397 0.0415145 -2.17369e-06 297369 152 0 377 0 0 0 0 0 0 0 0 0 0 -1 1312909 26
6.825 3.409 0.0416669 -2.54529e-06 297532 152.5 0 356 0 0 0 0 0 0 0 0 0 0 -1 1314368 26
6.85 3.422 0.0418194 -2.18966e-06 297695 153 0 380 0 0 0 0 0 0 0 0 0 0 -1 1318964 16
6.875 3.436 0.0419718 -1.09882e-06 297859 153.5 0 348 0 0 0 0 0 0 0 0 0 0 -1 1324566 15
6.9 3.447 0.0421242 -2.20562e-06 298024 154 0 369 0 0 0 0 0 0 0 0 0 0 -1 1326274 19
6.925 3.46 0.0422767 -1.84467e-06 298189 154.5 0 381 0 0 0 0 0 0 0 0 0 0 -1 1333587 25
6.95 3.473 0.0424291 -1.48106e-06 298355 155 0 371 0 0 0 0 0 0 0 0 0 0 -1 1335064 26
6.975 3.486 0.0425815 -1.11478e-06 298520 155.5 0 367 0 0 0 0 0 0 0 0 0 0 -1 1339903 30
7 3.497 0.042734 -2.23755e-06 298687 156 0 372 0 0 0 0 0 0 0 0 0 0 -1 1344081 28
7.025 3.51 0.0428864 -1.87127e-06 298854 156.5 0 372 0 0 0 0 0 0 0 0 0 0 -1 1349275 15
7.05 3.523 0.0430388 -1.50234e-06 299022 157 0 389 0 0 0 0 0 0 0 0 0 0 -1 1351682 17
7.075 3.536 0.0431913 -1.13074e-06 299190 157.5 0 366 0 0 0 0 0 0 0 0 0 0 -1 1358268 24
7.1 3.548 0.0433437 -1.51298e-06 299358 158 0 358 0 0 0 0 0 0 0 0 0 0 -1 1363042 13
7.125 3.56 0.0434961 -1.89788e-06 299527 158.5 0 356 0 0 0 0 0 0 0 0 0 0 -1 1368073 20
7.15 3.573 0.0436485 -1.52362e-06 299697 159 0 409 0 0 0 0 0 0 0 0 0 0 -1 1369908 30
7.175 3.586 0.0438009 -1.14671e-06 299867 159.5 0 391 0 0 0 0 0 0 0 0 0 0 -1 1374406 18
7.2 3.598 0.0439534 -1.53426e-06 300037 160 0 383 0 0 0 0 0 0 0 0 0 0 -1 1379719 24
7.225 3.61 0.0441058 -1.92448e-06 300208 160.5 0 350 0 0 0 0 0 0 0 0 0 0 -1 1384134 18
7.25 3.623 0.0442582 -1.5449e-06 300380 161 0 406 0 0 0 0 0 0 0 0 0 0 -1 1386552 9
7.275 3.635 0.0444106 -1.93778e-06 300552 161.5 0 385 0 0 0 0 0 0 0 0 0 0 -1 1390324 14
7.3 3.648 0.044563 -1.55554e-06 300724 162 0 393 0 0 0 0 0 0 0 0 0 0 -1 1395959 16
7.325 3.66 0.0447154 -1.95108e-06 300897 162.5 0 394 0 0 0 0 0 0 0 0 0 0 -1 1398841 22
7.35 3.673 0.0448678 -1.56618e-06 301071 163 0 429 0 0 0 0 0 0 0 0 0 0 -1 1404714 18
7.375 3.686 0.0450202 -1.17863e-06 301245 163.5 0 351 0 0 0 0 0 0 0 0 0 0 -1 1407837 27
7.4 3.698 0.0451726 -1.57682e-06 301419 164 0 406 0 0 0 0 0 0 0 0 0 0 -1 1412063 24
7.425 3.71 0.045325 -1.97768e-06 301594 164.5 0 390 0 0 0 0 0 0 0 0 0 0 -1 1420563 21
7.45 3.723 0.0454774 -1.58746e-06 301770 165 0 367 0 0 0 0 0 0 0 0 0 0 -1 1423250 15
7.475 3.736 0.0456298 -1.19459e-06 301946 165.5 0 397 0 0 0 0 0 0 0 0 0 0 -1 1427169 13
7.5 3.748 0.0457822 -1.5981e-06 302122 166 0 348 0 0 0 0 0 0 0 0 0 0 -1 1429104 14
7.525 3.76 0.0459346 -2.00427e-06 302299 166.5 0 376 0 0 0 0 0 0 0 0 0 0 -1 1434400 12
7.55 3.773 0.046087 -1.60874e-06 302477 167 0 432 0 0 0 0 0 0 0 0 0 0 -1 1436507 19
7.575 3.786 0.0462393 -1.21054e-06 302655 167.5 0 373 0 0 0 0 0 0 0 0 0 0 -1 1443101 29
7.6 3.798 0.0463917 -1.61938e-06 302833 168 0 425 0 0 0 0 0 0 0 0 0 0 -1 1445874 24
7.625 3.809 0.0465441 -2.84322e-06 303012 168.5 0 383 0 0 0 0 0 0 0 0 0 0 -1 1452097 21
7.65 3.822 0.0466965 -2.44502e-06 303192 169 0 392 0 0 0 0 0 0 0 0 0 0 -1 1454635 16
7.675 3.835 0.0468489 -2.04417e-06 303372 169.5 0 419 0 0 0 0 0 0 0 0 0 0 -1 1460846 15
7.7 3.847 0.0470012 -2.46098e-06 303552 170 0 381 0 0 0 0 0 0 0 0 0 0 -1 1465279 12
7.725 3.859 0.0471536 -2.88045e-06 303733 170.5 0 366 0 0 0 0 0 0 0 0 0 0 -1 1467752 14
7.75 3.872 0.047306 -2.47693e-06 303915 171 0 380 0 0 0 0 0 0 0 0 0 0 -1 1472770 17
7.775 3.884 0.0474583 -2.89906e-06 304097 171.5 0 398 0 0 0 0 0 0 0 0 0 0 -1 1475996 17
7.8 3.897 0.0476107 -2.49289e-06 304279 172 0 402 0 0 0 0 0 0 0 0 0 0 -1 1482013 19
7.825 3.909 0.0477631 -2.91768e-06 304462 172.5 0 398 0 0 0 0 0 0 0 0 0 0 -1 1484755 15
7.85 3.922 0.0479154 -2.50885e-06 304646 173 0 373 0 0 0 0 0 0 0 0 0 0 -1 1486564 14
7.875 3.935 0.0480678 -2.09735e-06 304830 173.5 0 353 0 0 0 0 0 0 0 0 0 0 -1 1493101 10
7.9 3.947 0.0482201 -2.5248e-06 305014 174 0 374 0 0 0 0 0 0 0 0 0 0 -1 1499086 9
7.925 3.959 0.0483725 -2.95491e-06 305199 174.5 0 385 0 0 0 0 0 0 0 0 0 0 -1 1501665 9
7.95 3.972 0.0485248 -2.54075e-06 305385 175 0 348 0 0 0 0 0 0 0 0 0 0 -1 1503945 13
7.975 3.985 0.0486772 -2.12394e-06 305571 175.5 0 407 0 0 0 0 0 0 0 0 0 0 -1 1510656 14
8 3.997 0.0488295 -2.55671e-06 305757 176 0 423 0 0 0 0 0 0 0 0 0 0 -1 1514873 20
8.025 4.009 0.0489819 -2.99213e-06 305944 176.5 0 391 0 0 0 0 0 0 0 0 0 0 -1 1518015 20
8.05 4.022 0.0491342 -2.57266e-06 306132 177 0 391 0 0 0 0 0 0 0 0 0 0 -1 1522340 9
8.075 4.035 0.0492866 -2.15053e-06 306320 177.5 0 382 0 0 0 0 0 0 0 0 0 0 -1 1525874 12
8.101 4.047 0.049445 -3.02042e-06 306508 178 0 386 0 0 0 0 0 0 0 0 0 0 -1 1533371 13
8.125 4.059 0.0495912 -3.02936e-06 306697 178.5 0 397 0 0 0 0 0 0 0 0 0 0 -1 1536192 12
8.15 4.072 0.0497436 -2.60457e-06 306887 179 0 401 0 0 0 0 0 0 0 0 0 0 -1 1539574 7
8.175 4.084 0.0498959 -3.04797e-06 307077 179.5 0 400 0 0 0 0 0 0 0 0 0 0 -1 1544676 16
8.2 4.097 0.0500482 -2.62052e-06 307267 180 0 378 0 0 0 0 0 0 0 0 0 0 -1 1551725 18
