  0.250000      0.812214      0.831703      0.791917      0.245048E-01
  0.500000      0.658933      0.692093      0.624456      0.513744E-01
  0.750000      0.533103      0.576541      0.488055      0.831169E-01
   1.00000      0.429459      0.481091      0.376077      0.122513    
   1.25000      0.344013      0.402381      0.283866      0.172700    
   1.50000      0.273709      0.337541      0.208150      0.237115    
   1.75000      0.216197      0.284115      0.146659      0.319092    
   2.00000      0.169662      0.239974      0.978736E-01  0.420604    
   2.25000      0.132707      0.203256      0.608453E-01  0.539227    
   2.50000      0.104253      0.172321      0.350435E-01  0.662011    
   2.75000      0.834486E-01  0.145727      0.201972E-01  0.756550    
   3.00000      0.695692E-01  0.122241      0.160812E-01  0.767482    
   3.25000      0.618811E-01  0.100874      0.222094E-01  0.639118    
   3.50000      0.594661E-01  0.809502E-01  0.374204E-01  0.367741    
   3.75000      0.610343E-01  0.621744E-01  0.594324E-01  0.225474E-01
   4.00000      0.648234E-01  0.446858E-01  0.845927E-01 -0.308689    
   4.25000      0.687473E-01  0.290462E-01  0.108183     -0.576676    
   4.50000      0.708988E-01  0.161452E-01  0.125514     -0.772055    
   4.75000      0.702626E-01  0.702772E-02  0.133517     -0.899993    
   5.00000      0.672254E-01  0.268462E-02  0.131967     -0.960125    
   5.25000      0.635416E-01  0.387157E-02  0.123594     -0.939253    
   5.50000      0.618436E-01  0.110145E-01  0.113201     -0.822655    
   5.75000      0.651886E-01  0.242805E-01  0.106683     -0.629202    
   6.00000      0.777027E-01  0.443080E-01  0.111558     -0.431462    
   6.25000      0.587352E-01  0.512674E-01  0.657189E-01 -0.123531    
   6.50000      0.410539E-01  0.412861E-01  0.399883E-01  0.159682E-01
   6.75000      0.341871E-01  0.346486E-01  0.326900E-01  0.290871E-01
   7.00000      0.295576E-01  0.285522E-01  0.294153E-01 -0.148895E-01
   7.25000      0.255506E-01  0.227241E-01  0.271997E-01 -0.896488E-01
   7.50000      0.217261E-01  0.172722E-01  0.250475E-01 -0.183727    
   7.75000      0.180188E-01  0.123805E-01  0.226316E-01 -0.292786    
   8.00000      0.145039E-01  0.821650E-02  0.199180E-01 -0.415912    
   8.25000      0.112997E-01  0.489441E-02  0.170088E-01 -0.553088    
   8.50000      0.851831E-02  0.246209E-02  0.140608E-01 -0.701978    
   8.75000      0.624143E-02  0.901069E-03  0.112372E-01 -0.851532    
   9.00000      0.450935E-02  0.134695E-03  0.868007E-02 -0.969439    
   9.25000      0.331920E-02  0.408308E-04  0.649503E-02 -0.987506    
   9.50000      0.262901E-02  0.466846E-03  0.474481E-02 -0.820845    
   9.75000      0.236540E-02  0.124506E-02  0.344936E-02 -0.469557    
   10.0000      0.243328E-02  0.220747E-02  0.259029E-02 -0.797901E-01
   10.2500      0.272638E-02  0.319880E-02  0.211810E-02  0.203258    
   10.5000      0.313758E-02  0.408724E-02  0.196120E-02  0.351503    
   10.7500      0.356826E-02  0.477229E-02  0.203546E-02  0.402017    
   11.0000      0.393590E-02  0.518926E-02  0.225351E-02  0.394444    
   11.2500      0.417949E-02  0.531045E-02  0.253305E-02  0.354102    
   11.5000      0.426236E-02  0.514284E-02  0.280346E-02  0.294399    
   11.7500      0.417232E-02  0.472292E-02  0.301036E-02  0.221453    
   12.0000      0.391940E-02  0.410926E-02  0.311801E-02  0.137154    
   12.2500      0.353166E-02  0.337381E-02  0.310951E-02  0.407662E-01
   12.5000      0.304966E-02  0.259286E-02  0.298512E-02 -0.703239E-01
   12.7500      0.252039E-02  0.183870E-02  0.275921E-02 -0.200202    
   13.0000      0.199131E-02  0.117279E-02  0.245626E-02 -0.353667    
   13.2500      0.150526E-02  0.640843E-03  0.210655E-02 -0.533491    
   13.5000      0.109640E-02  0.270211E-03  0.174196E-02 -0.731423    
   13.7500      0.787762E-03  0.693818E-04  0.139227E-02 -0.905064    
   14.0000      0.590093E-03  0.294475E-04  0.108232E-02 -0.947026    
   14.2500      0.502202E-03  0.127069E-03  0.830073E-03 -0.734482    
   14.5000      0.512401E-03  0.328469E-03  0.645690E-03 -0.325636    
   14.7500      0.600835E-03  0.593945E-03  0.531532E-03  0.554555E-01
   15.0000      0.742348E-03  0.882425E-03  0.482928E-03  0.292597    
   15.2500      0.909563E-03  0.115563E-02  0.489570E-03  0.404852    
   15.5000      0.107585E-02  0.138152E-02  0.537273E-03  0.439988    
   15.7500      0.121790E-02  0.153673E-02  0.609900E-03  0.431760    
   16.0000      0.131774E-02  0.160795E-02  0.691235E-03  0.398713    
   16.2500      0.136398E-02  0.159214E-02  0.766621E-03  0.349979    
   16.5000      0.135227E-02  0.149571E-02  0.824235E-03  0.289435    
   16.7500      0.128500E-02  0.133284E-02  0.855915E-03  0.217897    
   17.0000      0.117037E-02  0.112322E-02  0.857510E-03  0.134149    
   17.2500      0.102091E-02  0.889461E-03  0.828781E-03  0.353148E-01
   17.5000      0.851781E-03  0.654456E-03  0.772918E-03 -0.829930E-01
   17.7500      0.678890E-03  0.439061E-03  0.695766E-03 -0.226206    
   18.0000      0.517219E-03  0.260185E-03  0.604890E-03 -0.398469    
   18.2500      0.379367E-03  0.129498E-03  0.508574E-03 -0.594097    
   18.5000      0.274492E-03  0.527997E-04  0.414878E-03 -0.774205    
   18.7500      0.207709E-03  0.300417E-04  0.330827E-03 -0.833503    
   19.0000      0.179959E-03  0.559253E-04  0.261816E-03 -0.647982    
   19.2500      0.188295E-03  0.120952E-03  0.211233E-03 -0.271779    
   19.5000      0.226528E-03  0.212776E-03  0.180343E-03  0.824999E-01
   19.7500      0.286136E-03  0.317700E-03  0.168392E-03  0.307160    
   20.0000      0.357313E-03  0.422148E-03  0.172894E-03  0.418885    
   20.2500      0.430050E-03  0.513981E-03  0.190071E-03  0.460064    
   20.5000      0.495142E-03  0.583548E-03  0.215365E-03  0.460856    
   20.7500      0.545017E-03  0.624386E-03  0.243966E-03  0.438094    
   21.0000      0.574346E-03  0.633548E-03  0.271322E-03  0.400306    
   21.2500      0.580366E-03  0.611553E-03  0.293554E-03  0.351338    
   21.5000      0.562929E-03  0.562007E-03  0.307766E-03  0.292308    
   21.7500      0.524292E-03  0.490954E-03  0.312222E-03  0.222531    
   22.0000      0.468683E-03  0.406057E-03  0.306399E-03  0.139881    
   22.2500      0.401720E-03  0.315695E-03  0.290898E-03  0.408803E-01
   22.5000      0.329737E-03  0.228080E-03  0.267274E-03 -0.791217E-01
   22.7500      0.259107E-03  0.150473E-03  0.237777E-03 -0.224863    
   23.0000      0.195614E-03  0.885701E-04  0.205059E-03 -0.396722    
   23.2500      0.143939E-03  0.460918E-04  0.171874E-03 -0.577073    
   23.5000      0.107300E-03  0.246095E-04  0.140792E-03 -0.702428    
   23.7500      0.872577E-04  0.235863E-04  0.113972E-03 -0.657073    
   24.0000      0.836965E-04  0.406185E-04  0.929880E-04 -0.391968    
   24.2500      0.949708E-04  0.718289E-04  0.787342E-04 -0.458634E-01
   24.5000      0.118179E-03  0.112363E-03  0.714037E-04  0.222889    
   24.7500      0.149535E-03  0.156934E-03  0.705354E-04  0.379825    
   25.0000      0.184794E-03  0.200350E-03  0.751194E-04  0.454609    
   25.2500      0.219685E-03  0.237998E-03  0.837433E-04  0.479437    
   25.5000      0.250311E-03  0.266215E-03  0.947630E-04  0.474965    
   25.7500      0.273485E-03  0.282550E-03  0.106478E-03  0.452593    
   26.0000      0.286971E-03  0.285883E-03  0.117296E-03  0.418144    
   26.2500      0.289620E-03  0.276417E-03  0.125871E-03  0.374224    
   26.5000      0.281393E-03  0.255537E-03  0.131205E-03  0.321487    
   26.7500      0.263282E-03  0.225589E-03  0.132708E-03  0.259229    
   27.0000      0.237137E-03  0.189577E-03  0.130217E-03  0.185618    
   27.2500      0.205438E-03  0.150832E-03  0.123969E-03  0.977550E-01
   27.5000      0.171017E-03  0.112685E-03  0.114544E-03 -0.817902E-02
   27.7500      0.136774E-03  0.781585E-04  0.102778E-03 -0.136068    
   28.0000      0.105409E-03  0.497227E-04  0.896668E-04 -0.286564    
   28.2500      0.791958E-04  0.291194E-04  0.762568E-04 -0.447325    
   28.5000      0.598013E-04  0.172652E-04  0.635466E-04 -0.572705    
   28.7500      0.481863E-04  0.142402E-04  0.524001E-04 -0.572625    
   29.0000      0.445664E-04  0.193485E-04  0.434796E-04 -0.384081    
   29.2500      0.484469E-04  0.312441E-04  0.372030E-04 -0.870579E-01
   29.5000      0.587157E-04  0.481021E-04  0.337269E-04  0.175673    
   29.7500      0.737838E-04  0.678165E-04  0.329544E-04  0.345954    
   30.0000      0.917575E-04  0.882066E-04  0.345643E-04  0.436930    
